    waveType	streamFunction;
    N		50;
    depth	2.449000;
    omega	0.897598;
    phi		0.000000;
    waveNumber	 (0.186783 0.0 0.0);
    uBar	4.8215;
    A		nonuniform List<scalar>	50
    (
        0.185863
        0.0548395
        0.013342
        0.00312862
        0.000744651
        0.000182925
        4.64608e-05
        1.21507e-05
        3.25422e-06
        8.88226e-07
        2.46151e-07
        6.90677e-08
        1.95815e-08
        5.60058e-09
        1.61401e-09
        4.68216e-10
        1.36619e-10
        4.0066e-11
        1.18044e-11
        3.49281e-12
        1.04008e-12
        3.1433e-13
        9.30961e-14
        2.75485e-14
        6.39666e-15
        2.74815e-15
        -1.22127e-15
        -2.38707e-15
        -1.33523e-16
        -1.52551e-15
        -3.35759e-15
        -1.90158e-15
        2.12299e-15
        -1.54521e-15
        6.53904e-16
        -7.98e-16
        4.73289e-16
        -1.94717e-15
        -2.80478e-15
        2.38871e-15
        3.12298e-15
        3.17146e-15
        -7.97256e-16
        4.62621e-16
        5.10506e-16
        7.24577e-16
        -2.94379e-15
        8.86984e-16
        7.33421e-16
        -3.63282e-16
    );
    B		nonuniform List<scalar>	50
    (
        0.380862
        0.115201
        0.026523
        0.00500194
        0.000741754
        6.95365e-05
        -2.77669e-06
        -3.08449e-06
        -8.1564e-07
        -1.3358e-07
        -1.02301e-08
        1.97147e-09
        1.01775e-09
        2.42681e-10
        3.61897e-11
        1.72589e-12
        -9.06747e-13
        -3.67067e-13
        -7.24569e-14
        -1.53357e-14
        -1.81252e-15
        8.97391e-15
        5.97509e-15
        -4.76639e-15
        -7.64847e-15
        3.93208e-15
        -5.54873e-15
        1.05106e-15
        1.2649e-14
        -8.59983e-15
        -9.20136e-16
        -1.24801e-14
        6.94286e-15
        4.54555e-15
        -1.20948e-14
        5.30419e-15
        6.58112e-15
        -1.00304e-14
        2.31239e-15
        1.85927e-15
        -1.92817e-15
        2.70033e-15
        3.33272e-15
        7.12335e-16
        -1.3857e-14
        1.95005e-14
        -1.24932e-14
        -7.05378e-15
        2.7267e-14
        -2.00502e-14
    );
